7 0.804174 0.630435 0.023478 0.043478
7 0.845261 0.666957 0.022174 0.033043
7 0.822435 0.714783 0.023478 0.024348
7 0.865478 0.727826 0.020870 0.036522
7 0.073739 0.698261 0.023478 0.043478
7 0.084174 0.622609 0.018261 0.027826
10 0.826348 0.819130 0.036522 0.031304
10 0.887000 0.875652 0.027391 0.050435
10 0.875261 0.946087 0.024783 0.034783
10 0.922217 0.955652 0.030000 0.029565
10 0.840043 0.926087 0.035217 0.040000
3 0.260913 0.419130 0.108261 0.187826
3 0.572000 0.440000 0.104348 0.198261
4 0.648956 0.240000 0.534783 0.166957
1 0.398522 0.668696 0.542609 0.662608