5 0.602652 0.536522 0.259565 0.412174
5 0.342435 0.565217 0.294783 0.431304
5 0.119391 0.578261 0.226957 0.436522
6 0.125913 0.510435 0.088696 0.106087
6 0.169609 0.667826 0.074348 0.059130
6 0.050913 0.683478 0.058696 0.093913
7 0.628739 0.644348 0.035217 0.046957
7 0.540043 0.449565 0.027391 0.033043
7 0.570043 0.606957 0.030000 0.038261
7 0.615043 0.581739 0.031304 0.029565
7 0.602000 0.441739 0.026087 0.027826
7 0.517870 0.646957 0.027391 0.045217
7 0.583739 0.667826 0.028696 0.034783
7 0.511348 0.460870 0.019565 0.027826
7 0.641783 0.559130 0.030000 0.050435
7 0.660043 0.634783 0.027391 0.038261
0 0.361348 0.618261 0.084783 0.151304
0 0.340478 0.487826 0.116087 0.099130
0 0.298739 0.622609 0.027391 0.139130
0 0.432435 0.639130 0.033913 0.137391