2 0.187217 0.916522 0.253043 0.166956
6 0.239391 0.517391 0.080870 0.102609
6 0.281130 0.645217 0.062609 0.055652
6 0.175478 0.657391 0.049565 0.069565
6 0.228956 0.663478 0.073043 0.085217
0 0.417435 0.516522 0.105652 0.093913
0 0.423304 0.673043 0.093913 0.045217
7 0.669174 0.657391 0.024783 0.041739
7 0.591565 0.660000 0.026087 0.036522
7 0.625478 0.642609 0.020870 0.040000
7 0.578522 0.631304 0.031304 0.031304
7 0.658087 0.601739 0.026087 0.041739
7 0.594826 0.488696 0.019565 0.031304
7 0.648304 0.478261 0.024783 0.038261
7 0.695913 0.646957 0.026087 0.041739
7 0.597435 0.586087 0.022174 0.038261
7 0.685478 0.584348 0.026087 0.034783
5 0.637870 0.559130 0.238696 0.377391
5 0.418087 0.553913 0.240000 0.384348
5 0.238739 0.557391 0.217826 0.342609