3 0.396565 0.874783 0.165652 0.180870
3 0.471565 0.553043 0.096522 0.111304
2 0.500261 0.485217 0.109565 0.111304
2 0.168956 0.460000 0.083478 0.109565
2 0.027087 0.757391 0.054174 0.151304
2 0.251783 0.309565 0.063913 0.059130
5 0.536783 0.325217 0.112174 0.177391
6 0.532217 0.308696 0.027391 0.036522
6 0.553087 0.365217 0.043043 0.041739
6 0.508739 0.369565 0.022174 0.033043
5 0.636565 0.346957 0.126522 0.200000
0 0.634609 0.376522 0.049565 0.071304
0 0.635261 0.323478 0.056087 0.034783
5 0.757217 0.346957 0.127826 0.193043
4 0.793174 0.068696 0.413652 0.137391
1 0.296435 0.711304 0.592870 0.525217