5 0.439014 0.640000 0.544928 0.539130
5 0.524812 0.305217 0.364058 0.189565
5 0.881246 0.367826 0.237507 0.328696
7 0.425101 0.564348 0.034783 0.026087
7 0.379884 0.735652 0.037101 0.038261
7 0.441333 0.722609 0.039420 0.036522
7 0.559594 0.713043 0.039420 0.031304
7 0.551478 0.622609 0.032464 0.027826
7 0.378725 0.674783 0.034783 0.034783
7 0.436696 0.664348 0.039420 0.027826
7 0.514377 0.797391 0.046377 0.043478
7 0.628000 0.700000 0.041739 0.040000
7 0.610609 0.606957 0.039420 0.034783
7 0.352058 0.785217 0.041739 0.040000