1 0.422000 0.663478 0.560870 0.673043
3 0.590261 0.420000 0.112174 0.186087
3 0.292870 0.420870 0.112174 0.187826
5 0.865478 0.605217 0.208696 0.285217
5 0.901435 0.864348 0.197130 0.271304
7 0.830261 0.617391 0.023478 0.038261
7 0.870043 0.659130 0.022174 0.031304
7 0.843304 0.685217 0.018261 0.027826
10 0.855043 0.806087 0.026087 0.043478
10 0.914391 0.862609 0.027391 0.034783
10 0.903304 0.932174 0.028696 0.034783
10 0.948956 0.944348 0.033913 0.038261
10 0.909826 0.838261 0.020870 0.041739
10 0.047000 0.832174 0.024783 0.043478
10 0.022870 0.875652 0.026087 0.050435
7 0.098522 0.682609 0.020870 0.033043
7 0.108956 0.604348 0.018261 0.022609
7 0.055478 0.726087 0.026087 0.026087
7 0.079609 0.727826 0.027391 0.026087